{
 "cells": [
  {
   "cell_type": "markdown",
   "metadata": {
    "collapsed": true
   },
   "source": [
    "# Bike Rentals - Prediction of Demand\n",
    "\n",
    "In this project we will use a few different machine learning models in order to try and predict the demand of rental bikes on a given day. In order to train our models we will use a bike sharing [data set](http://archive.ics.uci.edu/ml/datasets/Bike+Sharing+Dataset) available on the UCI Machine learning repository. In this data set the amount of bicycles rented in any given hour on any given day is reported.\n",
    "\n",
    "The project will be subdivided as follows:\n",
    "* Data Exploration and Processing\n",
    "* Training models\n",
    "* Evaluating"
   ]
  },
  {
   "cell_type": "markdown",
   "metadata": {},
   "source": [
    "## Data Exploration and Processing\n",
    "\n",
    "In the exploration part we will first read in the data into a data frame and explore its structure. Following that we will plot a histogram of the total rental counts, the value we will be trying to predict, for each hour. Finally, we will explore the how do other columns correlate to the target value."
   ]
  },
  {
   "cell_type": "code",
   "execution_count": 4,
   "metadata": {
    "collapsed": false
   },
   "outputs": [
    {
     "data": {
      "text/html": [
       "<div>\n",
       "<style scoped>\n",
       "    .dataframe tbody tr th:only-of-type {\n",
       "        vertical-align: middle;\n",
       "    }\n",
       "\n",
       "    .dataframe tbody tr th {\n",
       "        vertical-align: top;\n",
       "    }\n",
       "\n",
       "    .dataframe thead th {\n",
       "        text-align: right;\n",
       "    }\n",
       "</style>\n",
       "<table border=\"1\" class=\"dataframe\">\n",
       "  <thead>\n",
       "    <tr style=\"text-align: right;\">\n",
       "      <th></th>\n",
       "      <th>instant</th>\n",
       "      <th>dteday</th>\n",
       "      <th>season</th>\n",
       "      <th>yr</th>\n",
       "      <th>mnth</th>\n",
       "      <th>hr</th>\n",
       "      <th>holiday</th>\n",
       "      <th>weekday</th>\n",
       "      <th>workingday</th>\n",
       "      <th>weathersit</th>\n",
       "      <th>temp</th>\n",
       "      <th>atemp</th>\n",
       "      <th>hum</th>\n",
       "      <th>windspeed</th>\n",
       "      <th>casual</th>\n",
       "      <th>registered</th>\n",
       "      <th>cnt</th>\n",
       "    </tr>\n",
       "  </thead>\n",
       "  <tbody>\n",
       "    <tr>\n",
       "      <th>0</th>\n",
       "      <td>1</td>\n",
       "      <td>2011-01-01</td>\n",
       "      <td>1</td>\n",
       "      <td>0</td>\n",
       "      <td>1</td>\n",
       "      <td>0</td>\n",
       "      <td>0</td>\n",
       "      <td>6</td>\n",
       "      <td>0</td>\n",
       "      <td>1</td>\n",
       "      <td>0.24</td>\n",
       "      <td>0.2879</td>\n",
       "      <td>0.81</td>\n",
       "      <td>0.0</td>\n",
       "      <td>3</td>\n",
       "      <td>13</td>\n",
       "      <td>16</td>\n",
       "    </tr>\n",
       "    <tr>\n",
       "      <th>1</th>\n",
       "      <td>2</td>\n",
       "      <td>2011-01-01</td>\n",
       "      <td>1</td>\n",
       "      <td>0</td>\n",
       "      <td>1</td>\n",
       "      <td>1</td>\n",
       "      <td>0</td>\n",
       "      <td>6</td>\n",
       "      <td>0</td>\n",
       "      <td>1</td>\n",
       "      <td>0.22</td>\n",
       "      <td>0.2727</td>\n",
       "      <td>0.80</td>\n",
       "      <td>0.0</td>\n",
       "      <td>8</td>\n",
       "      <td>32</td>\n",
       "      <td>40</td>\n",
       "    </tr>\n",
       "    <tr>\n",
       "      <th>2</th>\n",
       "      <td>3</td>\n",
       "      <td>2011-01-01</td>\n",
       "      <td>1</td>\n",
       "      <td>0</td>\n",
       "      <td>1</td>\n",
       "      <td>2</td>\n",
       "      <td>0</td>\n",
       "      <td>6</td>\n",
       "      <td>0</td>\n",
       "      <td>1</td>\n",
       "      <td>0.22</td>\n",
       "      <td>0.2727</td>\n",
       "      <td>0.80</td>\n",
       "      <td>0.0</td>\n",
       "      <td>5</td>\n",
       "      <td>27</td>\n",
       "      <td>32</td>\n",
       "    </tr>\n",
       "    <tr>\n",
       "      <th>3</th>\n",
       "      <td>4</td>\n",
       "      <td>2011-01-01</td>\n",
       "      <td>1</td>\n",
       "      <td>0</td>\n",
       "      <td>1</td>\n",
       "      <td>3</td>\n",
       "      <td>0</td>\n",
       "      <td>6</td>\n",
       "      <td>0</td>\n",
       "      <td>1</td>\n",
       "      <td>0.24</td>\n",
       "      <td>0.2879</td>\n",
       "      <td>0.75</td>\n",
       "      <td>0.0</td>\n",
       "      <td>3</td>\n",
       "      <td>10</td>\n",
       "      <td>13</td>\n",
       "    </tr>\n",
       "    <tr>\n",
       "      <th>4</th>\n",
       "      <td>5</td>\n",
       "      <td>2011-01-01</td>\n",
       "      <td>1</td>\n",
       "      <td>0</td>\n",
       "      <td>1</td>\n",
       "      <td>4</td>\n",
       "      <td>0</td>\n",
       "      <td>6</td>\n",
       "      <td>0</td>\n",
       "      <td>1</td>\n",
       "      <td>0.24</td>\n",
       "      <td>0.2879</td>\n",
       "      <td>0.75</td>\n",
       "      <td>0.0</td>\n",
       "      <td>0</td>\n",
       "      <td>1</td>\n",
       "      <td>1</td>\n",
       "    </tr>\n",
       "  </tbody>\n",
       "</table>\n",
       "</div>"
      ],
      "text/plain": [
       "   instant      dteday  season  yr  mnth  hr  holiday  weekday  workingday  \\\n",
       "0        1  2011-01-01       1   0     1   0        0        6           0   \n",
       "1        2  2011-01-01       1   0     1   1        0        6           0   \n",
       "2        3  2011-01-01       1   0     1   2        0        6           0   \n",
       "3        4  2011-01-01       1   0     1   3        0        6           0   \n",
       "4        5  2011-01-01       1   0     1   4        0        6           0   \n",
       "\n",
       "   weathersit  temp   atemp   hum  windspeed  casual  registered  cnt  \n",
       "0           1  0.24  0.2879  0.81        0.0       3          13   16  \n",
       "1           1  0.22  0.2727  0.80        0.0       8          32   40  \n",
       "2           1  0.22  0.2727  0.80        0.0       5          27   32  \n",
       "3           1  0.24  0.2879  0.75        0.0       3          10   13  \n",
       "4           1  0.24  0.2879  0.75        0.0       0           1    1  "
      ]
     },
     "execution_count": 4,
     "metadata": {},
     "output_type": "execute_result"
    }
   ],
   "source": [
    "import pandas as pd\n",
    "%matplotlib inline\n",
    "\n",
    "# reading in the data and visualizing the data frame\n",
    "\n",
    "bike_rentals = pd.read_csv(\"bike_rental_hour.csv\")\n",
    "bike_rentals.head()"
   ]
  },
  {
   "cell_type": "code",
   "execution_count": 5,
   "metadata": {
    "collapsed": false
   },
   "outputs": [
    {
     "data": {
      "text/plain": [
       "<matplotlib.axes._subplots.AxesSubplot at 0x7fd97f363b38>"
      ]
     },
     "execution_count": 5,
     "metadata": {},
     "output_type": "execute_result"
    },
    {
     "data": {
      "image/png": "iVBORw0KGgoAAAANSUhEUgAAAYcAAAEACAYAAABYq7oeAAAABHNCSVQICAgIfAhkiAAAAAlwSFlz\nAAALEgAACxIB0t1+/AAAIABJREFUeJzt3W1sW+X5P/BvIDCNVT9Dh7CrOKtLajsPbR7axlQCifQp\nSTvVUTWo0iHiQifUPagETWoa3kzVpNoZ0jYQLdIEVRI2xeNVEv1Z0zRdjQpba0pqqSrduggHyFmd\nMJqmgQJJyPV/kfQcWrvELT45d5rvR7KS++45uq9z4eTC92WfZImIgIiI6BvusDoAIiJSD4sDEREl\nYXEgIqIkLA5ERJSExYGIiJKwOBARUZIZi8P58+dRVlaGFStWoKysDDabDS+99BKGh4dRWVkJr9eL\nqqoqjIyM6OcEg0G43W4UFBSgu7tbn+/t7UVxcTE8Hg/q6+vNuSIiIvrOsm7mcw6Tk5NwOp04efIk\nXn75Zfzwhz/E7t270dTUhOHhYYRCIbz//vt44okn8O6772JgYADr16/Hf/7zH2RlZeGhhx7Cyy+/\njPLycmzatAnPPvssqqqqzLw+IiK6BTe1rdTT04O8vDzk5uaio6MDgUAAABAIBNDe3g4A6OzsRG1t\nLbKzs+FyueB2uxGNRpFIJDA6Oory8nIAQF1dnX4OERGp5aaKw1//+lf89Kc/BQAMDg7CbrcDABwO\nB4aGhgAAmqYhNzdXPycnJweapkHTNDidTn3e6XRC07TvfAFERJR5aReH8fFxdHZ24vHHHwcAZGVl\nXfPv14+JiGjuyk73wEOHDmHlypW4//77AQB2u11/9ZBIJPDAAw8AmHql8PHHH+vnDQwMICcn54bz\nqbDQEBHdmkzdLi/tVw5tbW3Ytm2bPvb7/WhubgYAtLS0oKamRp8Ph8MYGxtDPB5HX18ffD4fHA4H\nbDYbotEoRAStra36OamJZQ+brRwnT56EiFj++M1vfmN5DKo8mAvmgrn49kcmpfXK4cqVK+jp6cGf\n/vQnfa6hoQFbt27FwYMHsXjxYrzxxhsAgMLCQmzduhWFhYW46667cODAAf2VwP79+7F9+3Z8+eWX\n2LRpE6qrqzN6Mbej/v5+q0NQBnNhYC4MzIU50ioO99xzDz755JNr5hYuXIienp6Uxzc2NqKxsTFp\nfuXKlThz5swthElERLOJn5BW3Pbt260OQRnMhYG5MDAX5ripD8HNlqltKOvCstl86O5+GT6fz7IY\niIhuVlZWVsZ6D3zloLhIJGJ1CMpgLgzMhYG5MAeLAxERJeG2UgrcViKiuYjbSkREZCoWB8VxP9XA\nXBiYCwNzYQ4WByIiSsKeQwrsORDRXMSeAxERmYrFQXHcTzUwFwbmwsBcmIPFgYiIkrDnkAJ7DkQ0\nF7HnQEREpmJxUBz3Uw3MhYG5MDAX5mBxICKiJOw5pMCeAxHNRew5EBGRqVgcFMf9VANzYWAuDMyF\nOVgciIgoCXsOKbDnQERzEXsORERkKhYHxXE/1cBcGJgLA3NhjrSKw8jICB5//HEUFBSgqKgIJ0+e\nxPDwMCorK+H1elFVVYWRkRH9+GAwCLfbjYKCAnR3d+vzvb29KC4uhsfjQX19feavhoiIMkPSEAgE\n5ODBgyIiMj4+LpcuXZLdu3dLU1OTiIiEQiFpaGgQEZGzZ89KaWmpjI+PSzwel7y8PJmcnBQREZ/P\nJ9FoVERENm7cKF1dXSnXAyCAWPaw2crl5MmT6aSGiEgZaf5KT8uMrxwuX76M48eP46mnngIAZGdn\nw2azoaOjA4FAAAAQCATQ3t4OAOjs7ERtbS2ys7PhcrngdrsRjUaRSCQwOjqK8vJyAEBdXZ1+DhER\nqWXG4hCPx3H//ffjqaeewooVK/DMM8/gypUrGBwchN1uBwA4HA4MDQ0BADRNQ25urn5+Tk4ONE2D\npmlwOp36vNPphKZpmb6e2w73Uw3MhYG5MDAX5sie6YCJiQn09vZi//79WLVqFZ577jmEQqHpt5sa\nrh9/d9sBuKa/vxdAKYCK6XFk+qs544mJy3jvvff0t7JeffJVVFRwbOH4KlXisXIci8WUisfKcSwW\nUyqe2RxHIhE0NzcDAFwuFzJqpn2nRCIhS5Ys0cfHjx+XH//4x5Kfny+JREJERC5cuCD5+fkiIhIM\nBiUUCunHV1VVyYkTJ645RkSkra1Ndu7cmXJNsOdARHTT0viVnrYZt5Xsdjtyc3Nx/vx5AMDRo0dR\nVFQEv9+vV6yWlhbU1NQAAPx+P8LhMMbGxhCPx9HX1wefzweHwwGbzYZoNAoRQWtrq34OEREpJp0K\nEovFZNWqVVJSUiJbtmyRS5cuyaeffirr1q0Tj8cjGzZskOHhYf34ffv2SV5enuTn58vhw4f1+VOn\nTsmyZctk6dKlsmvXrhuuB75y0B07dszqEJTBXBiYCwNzYUjzV3paZuw5AEBJSQnefffdpPmenp6U\nxzc2NqKxsTFpfuXKlThz5sxNFS8iIpp9vLdSCry3EhHNRby3EhERmYrFQXHXv41zPmMuDMyFgbkw\nB4sDERElYc8hBfYciGguYs+BiIhMxeKgOO6nGpgLA3NhYC7MweJARERJ2HNIgT0HIpqL2HMgIiJT\nsTgojvupBubCwFwYmAtzsDgQEVES9hxSYM+BiOYi9hyIiMhULA6K436qgbkwMBcG5sIcLA5ERJSE\nPYcU2HMgormIPQciIjIVi4PiuJ9qYC4MzIWBuTAHiwMRESVhzyEF9hyIaC5iz4GIiEzF4qA47qca\nmAsDc2FgLsyRVnFwuVwoKSlBWVmZvtUyPDyMyspKeL1eVFVVYWRkRD8+GAzC7XajoKAA3d3d+nxv\nby+Ki4vh8XhQX1+f4UshIqKMkTQsWbJELl68eM3c7t27pampSUREQqGQNDQ0iIjI2bNnpbS0VMbH\nxyUej0teXp5MTk6KiIjP55NoNCoiIhs3bpSurq6U6wEQQCx72GzlcvLkyXRSQ0SkjDR/paclrVcO\nIoLJyclr5jo6OhAIBAAAgUAA7e3tAIDOzk7U1tYiOzsbLpcLbrcb0WgUiUQCo6OjKC8vBwDU1dXp\n5xARkVrSKg5ZWVnYsGEDysvL8eqrrwIABgcHYbfbAQAOhwNDQ0MAAE3TkJubq5+bk5MDTdOgaRqc\nTqc+73Q6oWlaxi7kdsX9VANzYWAuDMyFObLTOeidd97BokWL8Mknn+h9hqm3mxquH3932wG4pr+/\nF0ApgIrpcWT6qznjiYnLeO+99/T+ytUnX0VFBccWjq9SJR4rx7FYTKl4rBzHYjGl4pnNcSQSQXNz\nM4Cp3nAm3fTnHPbu3YsFCxbg1VdfRSQSgd1uRyKRwJo1a3Du3DmEQiFkZWWhoaEBAFBdXY29e/di\n8eLF+jEAEA6H8dZbb+GVV15JDoqfcyAiummz+jmHK1eu4LPPPgMAfP755+ju7sby5cvh9/v1itXS\n0oKamhoAgN/vRzgcxtjYGOLxOPr6+uDz+eBwOGCz2RCNRiEiaG1t1c8hIiK1zFgcBgcH8cgjj6Cs\nrAyrV6/G5s2bUVlZiYaGBhw5cgRerxdHjx7Fnj17AACFhYXYunUrCgsLsWnTJhw4cEDfctq/fz92\n7NgBj8cDt9uN6upqc6/uNnD9lsp8xlwYmAsDc2GOGXsOS5Ys0ff0vmnhwoXo6elJeU5jYyMaGxuT\n5leuXIkzZ87cQphERDSbeG+lFNhzIKK5iPdWIiIiU7E4KI77qQbmwsBcGJgLc7A4EBFREvYcUmDP\ngYjmIvYciIjIVCwOiuN+qoG5MDAXBubCHCwORESUhD2HFNhzIKK5iD0HIiIyFYuD4rifamAuDMyF\ngbkwB4sDERElYc8hBfYciGguYs+BiIhMxeKgOO6nGpgLA3NhYC7MweJARERJ2HNIgT0HIpqL2HMg\nIiJTsTgojvupBubCwFwYmAtzsDgQEVES9hxSYM+BiOYi9hyIiMhULA6K436qgbkwMBcG5sIcaReH\nyclJrFixAn6/HwAwPDyMyspKeL1eVFVVYWRkRD82GAzC7XajoKAA3d3d+nxvby+Ki4vh8XhQX1+f\nwcsgIqJMSrs4vPjiiygsLNTHoVAI69evx7///W+sXbsWwWAQAPD+++/jjTfewLlz53Do0CH84he/\n0PfAfv7zn+O1117D+fPncf78eRw+fDjDl3P7qaiosDoEZTAXBubCwFyYI63iMDAwgL/97W/42c9+\nps91dHQgEAgAAAKBANrb2wEAnZ2dqK2tRXZ2NlwuF9xuN6LRKBKJBEZHR1FeXg4AqKur088hIiK1\npFUcnnvuObzwwgvT7yKaMjg4CLvdDgBwOBwYGhoCAGiahtzcXP24nJwcaJoGTdPgdDr1eafTCU3T\nMnIRtzPupxqYCwNzYWAuzJE90wFvvvkm7HY7SktLv/U/wjcLR2ZsB+Ca/v5eAKUAKqbHV+MwZzwx\ncRnvvfee/lbWq9d99eUrx9aMr1IlHivHsVhMqXisHMdiMaXimc1xJBJBc3MzAMDlciGTZvycw/PP\nP48///nPyM7OxhdffIHR0VFs2bIFp06dQiQSgd1uRyKRwJo1a3Du3DmEQiFkZWWhoaEBAFBdXY29\ne/di8eLF+jEAEA6H8dZbb+GVV15JDoqfcyAiummz+jmHffv24aOPPsIHH3yAcDiMtWvX4vXXX8fm\nzZv1itXS0oKamhoAgN/vRzgcxtjYGOLxOPr6+uDz+eBwOGCz2RCNRiEiaG1t1c8hIiK13PLnHPbs\n2YMjR47A6/Xi6NGj2LNnDwCgsLAQW7duRWFhITZt2oQDBw7oW0779+/Hjh074PF44Ha7UV1dnZmr\nuI1dv6UynzEXBubCwFyYY8aewzc9+uijePTRRwEACxcuRE9PT8rjGhsb0djYmDS/cuVKnDlz5hbC\nJCKi2cR7K6XAngMRzUW8txIREZmKxUFx3E81MBcG5sLAXJiDxYGIiJKw55ACew5ENBdlsufA4pCC\nzebDnXdquHjxv5bFYLcvRiLRb9n6RDT3sCE9C6YKg1j2GBz8EAD3U7+JuTAwFwbmwhwsDkRElITb\nSinYbD6MjLxraQxA5l4eEtH8wG0lIiIyFYuD4rifamAuDMyFgbkwB4sDERElYc8hBfYciGguYs+B\niIhMxeKgOO6nGpgLA3NhYC7MweJARERJ2HNIgT0HIpqL2HMgIiJTsTgojvupBubCwFwYmAtzsDgQ\nEVES9hxSYM+BiOYi9hyIiMhULA6K436qgbkwMBcG5sIcMxaHr776Cg899BDKyspQVFSE559/HgAw\nPDyMyspKeL1eVFVVYWRkRD8nGAzC7XajoKAA3d3d+nxvby+Ki4vh8XhQX19vwuUQEVFGSBo+//xz\nERGZmJiQhx56SN5++23ZvXu3NDU1iYhIKBSShoYGERE5e/aslJaWyvj4uMTjccnLy5PJyUkREfH5\nfBKNRkVEZOPGjdLV1ZVyPQACiGUPm63c8hjS/E9DRKTL5O+NtLaV7rnnHgBTryImJydx3333oaOj\nA4FAAAAQCATQ3t4OAOjs7ERtbS2ys7PhcrngdrsRjUaRSCQwOjqK8vJyAEBdXZ1+DhERqSWt4jA5\nOYmysjI4HA5UVFSgsLAQg4ODsNvtAACHw4GhoSEAgKZpyM3N1c/NycmBpmnQNA1Op1Ofdzqd0DQt\nk9dyW+J+qoG5MDAXBubCHNnpHHTHHXfg9OnTuHz5MqqqqhCJRKbfbmq4fvzdbQfgmv7+XgClACqm\nx5Hpr+aMJyYuXxeLuevdeDw9mn7yV1RUzOvxVarEY+U4FospFY+V41gsplQ8szmORCJobm4GALhc\nLmTSTX/O4be//S2+//3v47XXXkMkEoHdbkcikcCaNWtw7tw5hEIhZGVloaGhAQBQXV2NvXv3YvHi\nxfoxABAOh/HWW2/hlVdeSQ6Kn3MAP+dARDdrVj/n8L///U9/J9IXX3yBI0eOoKysDH6/X69YLS0t\nqKmpAQD4/X6Ew2GMjY0hHo+jr68PPp8PDocDNpsN0WgUIoLW1lb9HCIiUsuMxeHChQtYs2YNysrK\nsHr1avj9fqxbtw4NDQ04cuQIvF4vjh49ij179gAACgsLsXXrVhQWFmLTpk04cOCAvuW0f/9+7Nix\nAx6PB263G9XV1eZe3W3g+i2V+Yy5MDAXBubCHDP2HJYvX47e3t6k+YULF6KnpyflOY2NjWhsbEya\nX7lyJc6cOXMLYRIR0WzivZVSYM+BiOYi3luJiIhMxeKgOO6nGpgLA3NhYC7MweJARERJ2HNIgT0H\nIpqL2HMgIiJTsTgo63vIysqy9OFwuKxOwjW4t2xgLgzMhTlYHJT1Faa2tY5Nf539x+Dgh+ZfJhEp\niT2HFFTpOVi7/lQMCj49iOgG2HMgIiJTsTgoL2J1AMrg3rKBuTAwF+ZgcSAioiTsOaTAnoMRg4JP\nDyK6AfYciIjIVCwOyotYHYAyuLdsYC4MzIU5WByIiCgJew4psOdgxKDg04OIboA9ByIiMhWLg/Ii\nVgegDO4tG5gLA3NhDhYHIiJKwp5DCuw5GDEo+PQgohtgz4GIiEzF4qC8iNUBKIN7ywbmwsBcmGPG\n4jAwMIC1a9eiqKgIy5cvx0svvQQAGB4eRmVlJbxeL6qqqjAyMqKfEwwG4Xa7UVBQgO7ubn2+t7cX\nxcXF8Hg8qK+vN+FyiIgoI2QGFy5ckNOnT4uIyOjoqHg8Hjl37pzs3r1bmpqaREQkFApJQ0ODiIic\nPXtWSktLZXx8XOLxuOTl5cnk5KSIiPh8PolGoyIisnHjRunq6kq5JgABxLKHzVZueQzWrz8VAxHN\nHZn8mZ3xlYPD4UBpaSkAYMGCBSgoKMDAwAA6OjoQCAQAAIFAAO3t7QCAzs5O1NbWIjs7Gy6XC263\nG9FoFIlEAqOjoygvLwcA1NXV6ecQEZFabqrn0N/fj1gshtWrV2NwcBB2ux3AVAEZGhoCAGiahtzc\nXP2cnJwcaJoGTdPgdDr1eafTCU3TMnENt7mI1QEog3vLBubCwFyYIzvdAz/77DM89thjePHFF7Fg\nwYLpt5sarh9/d9sBuKa/vxdAKYCK6XFk+qs544mJy9fFYu56Nx6rsf7VH76KigpLx6rFY+U4Fosp\nFY+V41gsplQ8szmORCJobm4GALhcLmRUOntP4+PjUlVVJX/84x/1ufz8fEkkEiIy1ZfIz88XEZFg\nMCihUEg/rqqqSk6cOHHNMSIibW1tsnPnzpTrgT0HBdZnz4Forsnkz2xa20pPP/00CgsL8eyzz+pz\nfr9fr1gtLS2oqanR58PhMMbGxhCPx9HX1wefzweHwwGbzYZoNAoRQWtrq34OEREpZqbq8fbbb8sd\nd9whJSUlUlpaKmVlZXLo0CH59NNPZd26deLxeGTDhg0yPDysn7Nv3z7Jy8uT/Px8OXz4sD5/6tQp\nWbZsmSxdulR27dp1wzXBVw7fWP8YXzlMO3bsmNUhKIO5MDAXhkz+zM7Yc3j44Yfx9ddfp/y3np6e\nlPONjY1obGxMml+5ciXOnDmTfuUiIiJL8N5KKfDeSkYMCj49iOgGeG8lIiIyFYuD8iJWB6AMvp/d\nwFwYmAtzsDgQEVES9hxSYM/BiEHBpwcR3QB7DkREZCoWB+VFLFz7e8jKyrL04XC49Gi4t2xgLgzM\nhTnSvrcSzUdfweqtrcHBTN+zi4jSwZ5DCuw5qBWDgk9RIiWx50BERKZicVBexOoAlMG9ZQNzYWAu\nzMHiQERESdhzSIE9B7ViUPApSqQk9hyIiMhULA7Ki1gdgDK4t2xgLgzMhTlYHIiIKAl7Dimw56BW\nDAo+RYmUxJ4DERGZisVBeRGrA1AG95YNzIWBuTAHiwMRESVhzyEF9hzUikHBpyiRkthzICIiU7E4\nKC9idQDK4N6ygbkwMBfmmLE47NixA3a7HcXFxfrc8PAwKisr4fV6UVVVhZGREf3fgsEg3G43CgoK\n0N3drc/39vaiuLgYHo8H9fX1Gb4MIiLKKJnB8ePH5fTp07J8+XJ9bvfu3dLU1CQiIqFQSBoaGkRE\n5OzZs1JaWirj4+MSj8clLy9PJicnRUTE5/NJNBoVEZGNGzdKV1fXDdcEIIBY9rDZyi2Pwfr11YmB\niNKTyZ+XGV85PPLII7jvvvuumevo6EAgEAAABAIBtLe3AwA6OztRW1uL7OxsuFwuuN1uRKNRJBIJ\njI6Oory8HABQV1enn0NEROq5pZ7D0NAQ7HY7AMDhcGBoaAgAoGkacnNz9eNycnKgaRo0TYPT6dTn\nnU4nNE37LnHPIxGrA1AG95YNzIWBuTBHRv6G9NRbTzNtOwDX9Pf3AigFUDE9jkx/NWc8MXH5uljM\nXe/G4/m+fgWA75n0/EqP3b4Y4XDzVDQVFQCMX0ZWjmOxmFLxWDmOxWJKxTOb40gkgubmZgCAy+VC\nRqWz99Tf339NzyE/P18SiYSIiFy4cEHy8/NFRCQYDEooFNKPq6qqkhMnTlxzjIhIW1ub7Ny584br\nweK9bvYcGMM31yeaKzL5fE1rW0lEMLXuFL/fr1erlpYW1NTU6PPhcBhjY2OIx+Po6+uDz+eDw+GA\nzWZDNBqFiKC1tVU/h4iIFDRT9di2bZssWrRI7r77bsnNzZWDBw/KxYsXZd26deLxeGTDhg0yPDys\nH79v3z7Jy8uT/Px8OXz4sD5/6tQpWbZsmSxdulR27dr1rWvC4v9bVOuVwzEFYlAhD1blArf6P16m\nOnbsmNUhKIO5MGTy+crbZ6Sg1u0zIjD24q2KwUrfjCGC2c+FmrfviEQi+h70fMdcGDJ5+wwWhxTU\nKg5WYgyqFgeiVHhvJSIiMhWLg/IiVgegkIjVASiD7+03MBfmYHEgIqIk7DmkwJ4DY/jm+gr+iBCl\nxJ4DERGZisVBeRGrA1BIxII1p27fYeXD4XAlRcV9dgNzYY6M3FuJ6Pb1FazeWhsctO7eUjR/seeQ\nAnsOjEGd9adiUPDHlBTEngMREZmKxUF5EasDUEjE6gCUwX12A3NhDhYHIiJKwp5DCuw5MAZ11p+K\nQcEfU1IQew5ERGQqFgflRawOQCERqwNQBvfZDcyFOfg5ByLlWft3tIGpv6WdSPRbGgPNLvYcUmDP\ngTGos746MSj4q4Kuw54DERGZisVBeRGrA1BIxOoAFBKxOgBlsOdgDhYHIiJKwp5DCuw5MAZ11lcn\nBgV/VdB1Mtlz4LuViCgN1r5jiu+Wmn2zvq3U1dWF/Px8eDweNDU1zfbyc1DE6gAUErE6AIVEZnm9\nq7cut+YxOJhQ8u9q3M5mtThMTk7iV7/6FQ4fPoyzZ8+ira0N//rXv2YzhDkoZnUACmEuDPMtF99W\nnP7wLf+WyQL1ofmXqZBZLQ7RaBRutxuLFy/GXXfdhdraWnR0dMxmCHPQJasDUAhzYWAuDMyFGWa1\nOGiahtzcXH3sdDqhadpshkBERGlQtiH9f/+32bK1v/jivGVrJ+u3OgCF9FsdgEL6rQ5AIf2ztM78\nuo3JrBaHnJwcfPTRR/p4YGAAOTk5KY+9fPn/zVZY38Lqv917df0WBWKw0jdjsCIXquXgqtnOhdV5\n+Lb1rfwZmT2Dgx/OWoGa1c85fP311/B6vTh69CgWLVoEn8+HtrY2FBQUzFYIRESUhll95XDnnXfi\n5ZdfRmVlJSYnJ7Fjxw4WBiIiBSn5CWkiIrKWUvdWmm8fkBsYGMDatWtRVFSE5cuX46WXXgIADA8P\no7KyEl6vF1VVVRgZGdHPCQaDcLvdKCgoQHd3t1Whm2JychIrVqyA3+8HMH/zAAAjIyN4/PHHUVBQ\ngKKiIpw8eXLe5iMYDKKoqAjFxcV44oknMDY2Nm9ysWPHDtjtdhQXF+tzt3Ltvb29KC4uhsfjQX19\nfXqLiyK+/vprycvLk/7+fhkbG5OSkhI5d+6c1WGZ6sKFC3L69GkRERkdHRWPxyPnzp2T3bt3S1NT\nk4iIhEIhaWhoEBGRs2fPSmlpqYyPj0s8Hpe8vDyZnJy0LP5M+/3vfy9PPPGEbN68WURk3uZBRCQQ\nCMjBgwdFRGR8fFwuXbo0L/PR398vS5Yska+++kpERLZu3SrNzc3zJhfHjx+X06dPy/Lly/W5W7l2\nn88n0WhUREQ2btwoXV1dM66tTHH45z//KdXV1fo4GAxKKBSyMKLZV1NTI0eOHBGv1yuJREJEpgqI\n1+sVkeScVFdXy4kTJyyJNdM+/vhjWb9+vRw7dkwvDvMxDyIiIyMj8uCDDybNz8d8XLx4Ubxer1y8\neFHGx8dl8+bN8+5npL+//5ricLPXfuHCBSkoKNDn29raZOfOnTOuq8y20nz/gFx/fz9isRhWr16N\nwcFB2O12AIDD4cDQ0BCA5Bzl5OTcNjl67rnn8MILL1zzNr35mAcAiMfjuP/++/HUU09hxYoVeOaZ\nZ3DlypV5mY/77rsPv/71r/GjH/0IOTk5sNlsWL9+/bzMxVVDQ0M3de2apsHpdOrz6f5uVaY4zGef\nffYZHnvsMbz44otYsGBB0vuYrf7gjdnefPNN2O12lJaWfuvthm/3PFw1MTGB3t5e/PKXv0Rvby9+\n8IMfIBQKzbvnBQB88MEH+MMf/oAPP/wQ//3vf/H555/jL3/5y7zMxY2Yde3KFIeb+YDc7WRiYgKP\nPfYYnnzySdTU1AAA7HY7BgcHAQCJRAIPPPAAgKkcffzxx/q5t0uO3nnnHXR2duLBBx/Etm3b8Pe/\n/x1PPvkkHA7HvMrDVU6nE7m5uVi1ahUA4Cc/+Ql6e3vn3fMCAE6dOoWHH34YCxcuxJ133oktW7bg\nH//4x7zMxVU3e+23mhNlikN5eTn6+vrw4YcfYmxsDOFwWH/Xyu3s6aefRmFhIZ599ll9zu/3o7m5\nGQDQ0tKiFw2/349wOIyxsTHE43H09fXB5/NZEXZG7du3Dx999BE++OADhMNhrF27Fq+//jo2b948\nr/Jwld1uR25uLs6fn7qNy9GjR1FUVDTvnhcA4PV6ceLECXz55ZcQERw9ehSFhYXzKhcy1RvWxzd7\n7Q6HAzabDdFoFCKC1tZW/ZyZFlbGoUOHxOPxyNKlSyUYDFodjunefvttueOOO6SkpERKS0ulrKxM\nDh06JJ+TbC+KAAAAvklEQVR++qmsW7dOPB6PbNiwQYaHh/Vz9u3bJ3l5eZKfny+HDx+2MHpzRCIR\nvSE9n/MQi8Vk1apVUlJSIlu2bJFLly7N23z87ne/k8LCQlm+fLnU1dXJ2NjYvMnFtm3bZNGiRXL3\n3XdLbm6uHDx4UC5evHjT137q1ClZtmyZLF26VHbt2pXW2vwQHBERJVFmW4mIiNTB4kBERElYHIiI\nKAmLAxERJWFxICKiJCwORESUhMWBiIiSsDgQEVGS/w8fQWxCYYNKCwAAAABJRU5ErkJggg==\n",
      "text/plain": [
       "<matplotlib.figure.Figure at 0x7fd9cc385358>"
      ]
     },
     "metadata": {},
     "output_type": "display_data"
    }
   ],
   "source": [
    "bike_rentals[\"cnt\"].hist()"
   ]
  },
  {
   "cell_type": "markdown",
   "metadata": {},
   "source": [
    "Histogram of rental counts shows that lower rental counts are more likely."
   ]
  },
  {
   "cell_type": "code",
   "execution_count": 6,
   "metadata": {
    "collapsed": false
   },
   "outputs": [
    {
     "data": {
      "text/html": [
       "<div>\n",
       "<style scoped>\n",
       "    .dataframe tbody tr th:only-of-type {\n",
       "        vertical-align: middle;\n",
       "    }\n",
       "\n",
       "    .dataframe tbody tr th {\n",
       "        vertical-align: top;\n",
       "    }\n",
       "\n",
       "    .dataframe thead th {\n",
       "        text-align: right;\n",
       "    }\n",
       "</style>\n",
       "<table border=\"1\" class=\"dataframe\">\n",
       "  <thead>\n",
       "    <tr style=\"text-align: right;\">\n",
       "      <th></th>\n",
       "      <th>instant</th>\n",
       "      <th>season</th>\n",
       "      <th>yr</th>\n",
       "      <th>mnth</th>\n",
       "      <th>hr</th>\n",
       "      <th>holiday</th>\n",
       "      <th>weekday</th>\n",
       "      <th>workingday</th>\n",
       "      <th>weathersit</th>\n",
       "      <th>temp</th>\n",
       "      <th>atemp</th>\n",
       "      <th>hum</th>\n",
       "      <th>windspeed</th>\n",
       "      <th>casual</th>\n",
       "      <th>registered</th>\n",
       "      <th>cnt</th>\n",
       "    </tr>\n",
       "  </thead>\n",
       "  <tbody>\n",
       "    <tr>\n",
       "      <th>instant</th>\n",
       "      <td>1.000000</td>\n",
       "      <td>0.404046</td>\n",
       "      <td>0.866014</td>\n",
       "      <td>0.489164</td>\n",
       "      <td>-0.004775</td>\n",
       "      <td>0.014723</td>\n",
       "      <td>0.001357</td>\n",
       "      <td>-0.003416</td>\n",
       "      <td>-0.014198</td>\n",
       "      <td>0.136178</td>\n",
       "      <td>0.137615</td>\n",
       "      <td>0.009577</td>\n",
       "      <td>-0.074505</td>\n",
       "      <td>0.158295</td>\n",
       "      <td>0.282046</td>\n",
       "      <td>0.278379</td>\n",
       "    </tr>\n",
       "    <tr>\n",
       "      <th>season</th>\n",
       "      <td>0.404046</td>\n",
       "      <td>1.000000</td>\n",
       "      <td>-0.010742</td>\n",
       "      <td>0.830386</td>\n",
       "      <td>-0.006117</td>\n",
       "      <td>-0.009585</td>\n",
       "      <td>-0.002335</td>\n",
       "      <td>0.013743</td>\n",
       "      <td>-0.014524</td>\n",
       "      <td>0.312025</td>\n",
       "      <td>0.319380</td>\n",
       "      <td>0.150625</td>\n",
       "      <td>-0.149773</td>\n",
       "      <td>0.120206</td>\n",
       "      <td>0.174226</td>\n",
       "      <td>0.178056</td>\n",
       "    </tr>\n",
       "    <tr>\n",
       "      <th>yr</th>\n",
       "      <td>0.866014</td>\n",
       "      <td>-0.010742</td>\n",
       "      <td>1.000000</td>\n",
       "      <td>-0.010473</td>\n",
       "      <td>-0.003867</td>\n",
       "      <td>0.006692</td>\n",
       "      <td>-0.004485</td>\n",
       "      <td>-0.002196</td>\n",
       "      <td>-0.019157</td>\n",
       "      <td>0.040913</td>\n",
       "      <td>0.039222</td>\n",
       "      <td>-0.083546</td>\n",
       "      <td>-0.008740</td>\n",
       "      <td>0.142779</td>\n",
       "      <td>0.253684</td>\n",
       "      <td>0.250495</td>\n",
       "    </tr>\n",
       "    <tr>\n",
       "      <th>mnth</th>\n",
       "      <td>0.489164</td>\n",
       "      <td>0.830386</td>\n",
       "      <td>-0.010473</td>\n",
       "      <td>1.000000</td>\n",
       "      <td>-0.005772</td>\n",
       "      <td>0.018430</td>\n",
       "      <td>0.010400</td>\n",
       "      <td>-0.003477</td>\n",
       "      <td>0.005400</td>\n",
       "      <td>0.201691</td>\n",
       "      <td>0.208096</td>\n",
       "      <td>0.164411</td>\n",
       "      <td>-0.135386</td>\n",
       "      <td>0.068457</td>\n",
       "      <td>0.122273</td>\n",
       "      <td>0.120638</td>\n",
       "    </tr>\n",
       "    <tr>\n",
       "      <th>hr</th>\n",
       "      <td>-0.004775</td>\n",
       "      <td>-0.006117</td>\n",
       "      <td>-0.003867</td>\n",
       "      <td>-0.005772</td>\n",
       "      <td>1.000000</td>\n",
       "      <td>0.000479</td>\n",
       "      <td>-0.003498</td>\n",
       "      <td>0.002285</td>\n",
       "      <td>-0.020203</td>\n",
       "      <td>0.137603</td>\n",
       "      <td>0.133750</td>\n",
       "      <td>-0.276498</td>\n",
       "      <td>0.137252</td>\n",
       "      <td>0.301202</td>\n",
       "      <td>0.374141</td>\n",
       "      <td>0.394071</td>\n",
       "    </tr>\n",
       "    <tr>\n",
       "      <th>holiday</th>\n",
       "      <td>0.014723</td>\n",
       "      <td>-0.009585</td>\n",
       "      <td>0.006692</td>\n",
       "      <td>0.018430</td>\n",
       "      <td>0.000479</td>\n",
       "      <td>1.000000</td>\n",
       "      <td>-0.102088</td>\n",
       "      <td>-0.252471</td>\n",
       "      <td>-0.017036</td>\n",
       "      <td>-0.027340</td>\n",
       "      <td>-0.030973</td>\n",
       "      <td>-0.010588</td>\n",
       "      <td>0.003988</td>\n",
       "      <td>0.031564</td>\n",
       "      <td>-0.047345</td>\n",
       "      <td>-0.030927</td>\n",
       "    </tr>\n",
       "    <tr>\n",
       "      <th>weekday</th>\n",
       "      <td>0.001357</td>\n",
       "      <td>-0.002335</td>\n",
       "      <td>-0.004485</td>\n",
       "      <td>0.010400</td>\n",
       "      <td>-0.003498</td>\n",
       "      <td>-0.102088</td>\n",
       "      <td>1.000000</td>\n",
       "      <td>0.035955</td>\n",
       "      <td>0.003311</td>\n",
       "      <td>-0.001795</td>\n",
       "      <td>-0.008821</td>\n",
       "      <td>-0.037158</td>\n",
       "      <td>0.011502</td>\n",
       "      <td>0.032721</td>\n",
       "      <td>0.021578</td>\n",
       "      <td>0.026900</td>\n",
       "    </tr>\n",
       "    <tr>\n",
       "      <th>workingday</th>\n",
       "      <td>-0.003416</td>\n",
       "      <td>0.013743</td>\n",
       "      <td>-0.002196</td>\n",
       "      <td>-0.003477</td>\n",
       "      <td>0.002285</td>\n",
       "      <td>-0.252471</td>\n",
       "      <td>0.035955</td>\n",
       "      <td>1.000000</td>\n",
       "      <td>0.044672</td>\n",
       "      <td>0.055390</td>\n",
       "      <td>0.054667</td>\n",
       "      <td>0.015688</td>\n",
       "      <td>-0.011830</td>\n",
       "      <td>-0.300942</td>\n",
       "      <td>0.134326</td>\n",
       "      <td>0.030284</td>\n",
       "    </tr>\n",
       "    <tr>\n",
       "      <th>weathersit</th>\n",
       "      <td>-0.014198</td>\n",
       "      <td>-0.014524</td>\n",
       "      <td>-0.019157</td>\n",
       "      <td>0.005400</td>\n",
       "      <td>-0.020203</td>\n",
       "      <td>-0.017036</td>\n",
       "      <td>0.003311</td>\n",
       "      <td>0.044672</td>\n",
       "      <td>1.000000</td>\n",
       "      <td>-0.102640</td>\n",
       "      <td>-0.105563</td>\n",
       "      <td>0.418130</td>\n",
       "      <td>0.026226</td>\n",
       "      <td>-0.152628</td>\n",
       "      <td>-0.120966</td>\n",
       "      <td>-0.142426</td>\n",
       "    </tr>\n",
       "    <tr>\n",
       "      <th>temp</th>\n",
       "      <td>0.136178</td>\n",
       "      <td>0.312025</td>\n",
       "      <td>0.040913</td>\n",
       "      <td>0.201691</td>\n",
       "      <td>0.137603</td>\n",
       "      <td>-0.027340</td>\n",
       "      <td>-0.001795</td>\n",
       "      <td>0.055390</td>\n",
       "      <td>-0.102640</td>\n",
       "      <td>1.000000</td>\n",
       "      <td>0.987672</td>\n",
       "      <td>-0.069881</td>\n",
       "      <td>-0.023125</td>\n",
       "      <td>0.459616</td>\n",
       "      <td>0.335361</td>\n",
       "      <td>0.404772</td>\n",
       "    </tr>\n",
       "    <tr>\n",
       "      <th>atemp</th>\n",
       "      <td>0.137615</td>\n",
       "      <td>0.319380</td>\n",
       "      <td>0.039222</td>\n",
       "      <td>0.208096</td>\n",
       "      <td>0.133750</td>\n",
       "      <td>-0.030973</td>\n",
       "      <td>-0.008821</td>\n",
       "      <td>0.054667</td>\n",
       "      <td>-0.105563</td>\n",
       "      <td>0.987672</td>\n",
       "      <td>1.000000</td>\n",
       "      <td>-0.051918</td>\n",
       "      <td>-0.062336</td>\n",
       "      <td>0.454080</td>\n",
       "      <td>0.332559</td>\n",
       "      <td>0.400929</td>\n",
       "    </tr>\n",
       "    <tr>\n",
       "      <th>hum</th>\n",
       "      <td>0.009577</td>\n",
       "      <td>0.150625</td>\n",
       "      <td>-0.083546</td>\n",
       "      <td>0.164411</td>\n",
       "      <td>-0.276498</td>\n",
       "      <td>-0.010588</td>\n",
       "      <td>-0.037158</td>\n",
       "      <td>0.015688</td>\n",
       "      <td>0.418130</td>\n",
       "      <td>-0.069881</td>\n",
       "      <td>-0.051918</td>\n",
       "      <td>1.000000</td>\n",
       "      <td>-0.290105</td>\n",
       "      <td>-0.347028</td>\n",
       "      <td>-0.273933</td>\n",
       "      <td>-0.322911</td>\n",
       "    </tr>\n",
       "    <tr>\n",
       "      <th>windspeed</th>\n",
       "      <td>-0.074505</td>\n",
       "      <td>-0.149773</td>\n",
       "      <td>-0.008740</td>\n",
       "      <td>-0.135386</td>\n",
       "      <td>0.137252</td>\n",
       "      <td>0.003988</td>\n",
       "      <td>0.011502</td>\n",
       "      <td>-0.011830</td>\n",
       "      <td>0.026226</td>\n",
       "      <td>-0.023125</td>\n",
       "      <td>-0.062336</td>\n",
       "      <td>-0.290105</td>\n",
       "      <td>1.000000</td>\n",
       "      <td>0.090287</td>\n",
       "      <td>0.082321</td>\n",
       "      <td>0.093234</td>\n",
       "    </tr>\n",
       "    <tr>\n",
       "      <th>casual</th>\n",
       "      <td>0.158295</td>\n",
       "      <td>0.120206</td>\n",
       "      <td>0.142779</td>\n",
       "      <td>0.068457</td>\n",
       "      <td>0.301202</td>\n",
       "      <td>0.031564</td>\n",
       "      <td>0.032721</td>\n",
       "      <td>-0.300942</td>\n",
       "      <td>-0.152628</td>\n",
       "      <td>0.459616</td>\n",
       "      <td>0.454080</td>\n",
       "      <td>-0.347028</td>\n",
       "      <td>0.090287</td>\n",
       "      <td>1.000000</td>\n",
       "      <td>0.506618</td>\n",
       "      <td>0.694564</td>\n",
       "    </tr>\n",
       "    <tr>\n",
       "      <th>registered</th>\n",
       "      <td>0.282046</td>\n",
       "      <td>0.174226</td>\n",
       "      <td>0.253684</td>\n",
       "      <td>0.122273</td>\n",
       "      <td>0.374141</td>\n",
       "      <td>-0.047345</td>\n",
       "      <td>0.021578</td>\n",
       "      <td>0.134326</td>\n",
       "      <td>-0.120966</td>\n",
       "      <td>0.335361</td>\n",
       "      <td>0.332559</td>\n",
       "      <td>-0.273933</td>\n",
       "      <td>0.082321</td>\n",
       "      <td>0.506618</td>\n",
       "      <td>1.000000</td>\n",
       "      <td>0.972151</td>\n",
       "    </tr>\n",
       "    <tr>\n",
       "      <th>cnt</th>\n",
       "      <td>0.278379</td>\n",
       "      <td>0.178056</td>\n",
       "      <td>0.250495</td>\n",
       "      <td>0.120638</td>\n",
       "      <td>0.394071</td>\n",
       "      <td>-0.030927</td>\n",
       "      <td>0.026900</td>\n",
       "      <td>0.030284</td>\n",
       "      <td>-0.142426</td>\n",
       "      <td>0.404772</td>\n",
       "      <td>0.400929</td>\n",
       "      <td>-0.322911</td>\n",
       "      <td>0.093234</td>\n",
       "      <td>0.694564</td>\n",
       "      <td>0.972151</td>\n",
       "      <td>1.000000</td>\n",
       "    </tr>\n",
       "  </tbody>\n",
       "</table>\n",
       "</div>"
      ],
      "text/plain": [
       "             instant    season        yr      mnth        hr   holiday  \\\n",
       "instant     1.000000  0.404046  0.866014  0.489164 -0.004775  0.014723   \n",
       "season      0.404046  1.000000 -0.010742  0.830386 -0.006117 -0.009585   \n",
       "yr          0.866014 -0.010742  1.000000 -0.010473 -0.003867  0.006692   \n",
       "mnth        0.489164  0.830386 -0.010473  1.000000 -0.005772  0.018430   \n",
       "hr         -0.004775 -0.006117 -0.003867 -0.005772  1.000000  0.000479   \n",
       "holiday     0.014723 -0.009585  0.006692  0.018430  0.000479  1.000000   \n",
       "weekday     0.001357 -0.002335 -0.004485  0.010400 -0.003498 -0.102088   \n",
       "workingday -0.003416  0.013743 -0.002196 -0.003477  0.002285 -0.252471   \n",
       "weathersit -0.014198 -0.014524 -0.019157  0.005400 -0.020203 -0.017036   \n",
       "temp        0.136178  0.312025  0.040913  0.201691  0.137603 -0.027340   \n",
       "atemp       0.137615  0.319380  0.039222  0.208096  0.133750 -0.030973   \n",
       "hum         0.009577  0.150625 -0.083546  0.164411 -0.276498 -0.010588   \n",
       "windspeed  -0.074505 -0.149773 -0.008740 -0.135386  0.137252  0.003988   \n",
       "casual      0.158295  0.120206  0.142779  0.068457  0.301202  0.031564   \n",
       "registered  0.282046  0.174226  0.253684  0.122273  0.374141 -0.047345   \n",
       "cnt         0.278379  0.178056  0.250495  0.120638  0.394071 -0.030927   \n",
       "\n",
       "             weekday  workingday  weathersit      temp     atemp       hum  \\\n",
       "instant     0.001357   -0.003416   -0.014198  0.136178  0.137615  0.009577   \n",
       "season     -0.002335    0.013743   -0.014524  0.312025  0.319380  0.150625   \n",
       "yr         -0.004485   -0.002196   -0.019157  0.040913  0.039222 -0.083546   \n",
       "mnth        0.010400   -0.003477    0.005400  0.201691  0.208096  0.164411   \n",
       "hr         -0.003498    0.002285   -0.020203  0.137603  0.133750 -0.276498   \n",
       "holiday    -0.102088   -0.252471   -0.017036 -0.027340 -0.030973 -0.010588   \n",
       "weekday     1.000000    0.035955    0.003311 -0.001795 -0.008821 -0.037158   \n",
       "workingday  0.035955    1.000000    0.044672  0.055390  0.054667  0.015688   \n",
       "weathersit  0.003311    0.044672    1.000000 -0.102640 -0.105563  0.418130   \n",
       "temp       -0.001795    0.055390   -0.102640  1.000000  0.987672 -0.069881   \n",
       "atemp      -0.008821    0.054667   -0.105563  0.987672  1.000000 -0.051918   \n",
       "hum        -0.037158    0.015688    0.418130 -0.069881 -0.051918  1.000000   \n",
       "windspeed   0.011502   -0.011830    0.026226 -0.023125 -0.062336 -0.290105   \n",
       "casual      0.032721   -0.300942   -0.152628  0.459616  0.454080 -0.347028   \n",
       "registered  0.021578    0.134326   -0.120966  0.335361  0.332559 -0.273933   \n",
       "cnt         0.026900    0.030284   -0.142426  0.404772  0.400929 -0.322911   \n",
       "\n",
       "            windspeed    casual  registered       cnt  \n",
       "instant     -0.074505  0.158295    0.282046  0.278379  \n",
       "season      -0.149773  0.120206    0.174226  0.178056  \n",
       "yr          -0.008740  0.142779    0.253684  0.250495  \n",
       "mnth        -0.135386  0.068457    0.122273  0.120638  \n",
       "hr           0.137252  0.301202    0.374141  0.394071  \n",
       "holiday      0.003988  0.031564   -0.047345 -0.030927  \n",
       "weekday      0.011502  0.032721    0.021578  0.026900  \n",
       "workingday  -0.011830 -0.300942    0.134326  0.030284  \n",
       "weathersit   0.026226 -0.152628   -0.120966 -0.142426  \n",
       "temp        -0.023125  0.459616    0.335361  0.404772  \n",
       "atemp       -0.062336  0.454080    0.332559  0.400929  \n",
       "hum         -0.290105 -0.347028   -0.273933 -0.322911  \n",
       "windspeed    1.000000  0.090287    0.082321  0.093234  \n",
       "casual       0.090287  1.000000    0.506618  0.694564  \n",
       "registered   0.082321  0.506618    1.000000  0.972151  \n",
       "cnt          0.093234  0.694564    0.972151  1.000000  "
      ]
     },
     "execution_count": 6,
     "metadata": {},
     "output_type": "execute_result"
    }
   ],
   "source": [
    "bike_rentals.corr()"
   ]
  },
  {
   "cell_type": "markdown",
   "metadata": {},
   "source": [
    "Stronger correlation to the count variable comes from the registerd and casual counts, which is not surprising as the total count is the sum of two. Second strongest correlation is with the temperature, the adjusted temperature, and the hour of the day."
   ]
  },
  {
   "cell_type": "markdown",
   "metadata": {},
   "source": [
    "To make the machine learning model more accurate we could group the hour column into specific times of the day, so the model is able to tell the difference between different hours."
   ]
  },
  {
   "cell_type": "code",
   "execution_count": 9,
   "metadata": {
    "collapsed": true
   },
   "outputs": [],
   "source": [
    "def assign_label(hour):\n",
    "    if hour >= 6 and hour < 12: # morning\n",
    "        return 1\n",
    "    elif hour >= 12 and hour < 18: # afternoon\n",
    "        return 2\n",
    "    elif hour >= 18 and hour < 24: # evening\n",
    "        return 3\n",
    "    elif hour >= 0 and hour < 6: # night\n",
    "        return 4\n",
    "    \n",
    "# creating a new feature indicating the time of the day\n",
    "\n",
    "bike_rentals[\"time_label\"] = bike_rentals[\"hr\"].apply(assign_label)"
   ]
  },
  {
   "cell_type": "markdown",
   "metadata": {},
   "source": [
    "Before we can start applying machine learning methods we need to split the data set into a training and test sets. We also import the error metric, in this case we choose to use the root mean squared error because the response is numerical."
   ]
  },
  {
   "cell_type": "code",
   "execution_count": 23,
   "metadata": {
    "collapsed": true
   },
   "outputs": [],
   "source": [
    "from sklearn.metrics import mean_squared_error\n",
    "\n",
    "train = bike_rentals.sample(frac=.8, random_state=141)\n",
    "test_index = bike_rentals.index.isin(train.index)\n",
    "test = bike_rentals.loc[~test_index]"
   ]
  },
  {
   "cell_type": "markdown",
   "metadata": {},
   "source": [
    "## Model Training\n",
    "\n",
    "As we already saw when calculating correlation, it doesn't make much sense including casual and registered count when predicting the total count, because total count is the sum of the two. The date column can not be used by the regression model in its current format, and is redundant anyway. Instant column should also be unrelated to the response variable, because it is just a unique identifier for the observation. We also replaced the hour value with a time of day label which will made the information in the hour redundant. First model we will construct is going to be a linear regressor.\n",
    "\n",
    "### Linear Regression"
   ]
  },
  {
   "cell_type": "code",
   "execution_count": 48,
   "metadata": {
    "collapsed": false
   },
   "outputs": [
    {
     "name": "stdout",
     "output_type": "stream",
     "text": [
      "Linear regresion model error:  138.72124559578893\n"
     ]
    }
   ],
   "source": [
    "# select predictors for the model\n",
    "predictors = ['season', 'yr', 'mnth', 'holiday', 'weekday',\n",
    "       'workingday', 'weathersit', 'temp', 'atemp', 'hum', 'windspeed',\n",
    "       'time_label']\n",
    "\n",
    "from sklearn.linear_model import LinearRegression\n",
    "import numpy as np\n",
    "\n",
    "lr = LinearRegression() # instantiate the model\n",
    "lr.fit(train[predictors], train[\"cnt\"]) # train the model with train data\n",
    "predictions = lr.predict(test[predictors]) # predict test data using trained model\n",
    "\n",
    "# calculate the root mean squared error of the trained model\n",
    "mse = mean_squared_error(test[\"cnt\"], predictions)\n",
    "rmse = np.sqrt(mse)\n",
    "\n",
    "print(\"Linear regresion model error: \", rmse)"
   ]
  },
  {
   "cell_type": "markdown",
   "metadata": {},
   "source": [
    "Given that most of the data is distributed in the range from 0 to 400 bike rentals, and error of 138.72 indicates that the linear regression model might be too simple for this purpose and is very likely underfitting.\n",
    "\n",
    "### Decision Tree Regression"
   ]
  },
  {
   "cell_type": "code",
   "execution_count": 49,
   "metadata": {
    "collapsed": false
   },
   "outputs": [
    {
     "name": "stdout",
     "output_type": "stream",
